0111 0000	0000 0000	0000 0000	0000 0000	0000 0000	xxxx xxxx	xxxx xxxx
0000 0000	0000 0000	0000 0000	0000 0000	0000 0000	xxxx xxxx	xxxx xxxx
0000 0000	0000 0000	0000 0000	0000 0000	0000 0000	xxxx xxxx	0000 0000
0000 0000	0000 0000	0000 0000	0000 0000	0000 0000	xxxx xxxx	xxxx xxxx
0000 0000	0000 0000	0000 0000	0000 0000	0000 0000	xxxx xxxx	0000 0000
0000 0000	0000 0000	0000 0000	0000 0000	0000 0000	xxxx xxxx	xxxx xxxx
0000 0101	0000 0000	0000 0000	0000 0000	0000 0000	xxxx xxxx	xxxx xxxx
0111 0101	0000 0000	0000 0000	0000 0000	0000 0000	xxxx xxxx	xxxx xxxx
0111 0101	0000 0000	0000 0000	0000 0000	0000 0000	xxxx xxxx	0111 0101
0111 0101	0000 0000	0111 0101	0000 0000	0000 0000	xxxx xxxx	xxxx xxxx
0111 0001	0000 0000	0111 0101	0000 0000	0000 0000	xxxx xxxx	xxxx xxxx
0100 0001	0000 0000	0111 0101	0000 0000	0000 0000	xxxx xxxx	xxxx xxxx
0100 0001	0000 0000	0111 0101	0000 0000	0000 0000	0111 0101	xxxx xxxx
0111 0101	0000 0000	0111 0101	0000 0000	0000 0000	0111 0101	xxxx xxxx
0111 0101	0000 0000	0111 0101	0000 0000	0000 0000	xxxx xxxx	xxxx xxxx
0111 0101	0000 0000	0000 0000	0000 0000	0000 0000	xxxx xxxx	xxxx xxxx
0000 0000	0000 0000	0000 0000	0000 0000	0000 0000	xxxx xxxx	xxxx xxxx
0000 0000	0000 0000	0000 0000	0000 0000	0000 0000	xxxx xxxx	0000 0000
0000 0000	0000 0000	0000 0000	0000 0000	0000 0000	xxxx xxxx	xxxx xxxx
0000 0000	0000 0000	0000 0000	0000 0000	0000 0000	xxxx xxxx	0000 0000
0000 0000	0000 0000	0000 0000	0000 0000	0000 0000	xxxx xxxx	xxxx xxxx
0000 0101	0000 0000	0000 0000	0000 0000	0000 0000	xxxx xxxx	xxxx xxxx
0111 0000	0000 0000	0000 0000	0000 0000	0000 0000	xxxx xxxx	xxxx xxxx
