 2.00000 -6283.55 656.466 -3280.22 1606.89 1606.89 3280.22 1139788720 4000000
 2.01875 -6233.41 676.394 -3257.13 1736.79 1736.79 3257.13 1208988170 4000000
 2.03750 -6180.56 698.290 -3231.62 2036.19 2036.19 3231.62 1282414693 4000000
 2.05625 -6125.07 721.899 -3203.94 2374.48 2374.48 3203.94 1360038869 4000000
 2.07500 -6066.40 748.851 -3173.37 2797.28 2797.26 3173.37 1442698361 4000000
 2.09375 -6004.21 778.942 3138.81 3472.70 3464.42 3138.82 1530924487 4000000
 2.11250 -5938.55 815.453 -3099.95 5620.76 5138.05 3100.12 1624722016 4000000
 2.13125 -5868.94 848.639 -3057.57 5286.56 5286.56 3057.57 1724793809 4000000
 2.15000 -5794.40 891.420 -3007.71 6760.30 6760.30 3007.71 1832677233 4000000
 2.16875 -5714.94 939.890 -2950.52 8832.33 8832.33 2950.52 1948388873 4000000
 2.18750 -5628.42 1004.19 860.650 3.46552E+06 13627.4 2879.54 2075174697 4000000
 2.20625 -5534.84 1076.60 2794.79 19533.6 19494.4 2794.81 -2081923638 4000000
 2.22500 -5430.28 1190.66 917.493 2.88049E+06 36710.4 2677.54 -1926977600 4000000
 2.24375 -5313.33 1327.14 1186.89 2.26566E+06 71697.5 2516.23 -1752908320 4000000
 2.26250 -5180.49 1456.80 -326.173 2.38479E+06 122768. 2285.65 -1554247003 4000000
 2.28125 -5037.92 1516.40 -80.2160 1.92377E+06 180615. 1995.74 -1339621170 4000000
 2.00300 -6276.12 659.922 -3276.72 1906.45 1906.45 3276.72 1150162831 4000000
 2.02175 -6225.59 679.367 -3253.33 1970.53 1970.53 3253.33 1219965543 4000000
 2.04050 -6172.41 701.286 -3227.69 2153.03 2153.00 3227.69 1293938598 4000000
 2.05925 -6116.24 726.636 -3199.21 2783.77 2783.72 3199.21 1372610267 4000000
 2.07800 -6057.13 752.496 -3168.27 2895.11 2895.11 3168.27 1455981289 4000000
 2.09675 -5994.66 781.347 -3133.69 3442.01 3442.01 3133.69 1544710635 4000000
 2.11550 -5928.16 817.540 -3094.05 5162.18 5117.63 3094.07 1639781542 4000000
 2.13425 -5857.75 853.232 3049.97 6409.35 6339.68 3050.00 1741098404 4000000
 2.15300 -5782.73 894.547 -2999.96 7186.13 7169.77 2999.97 1849806553 4000000
 2.17175 -5701.13 951.998 2938.62 9949.96 9948.65 2938.62 1968757398 4000000
 2.19050 -5614.70 1014.07 1139.64 3.17606E+06 15027.5 2867.58 2095524384 4000000
 2.20925 -5518.72 1100.02 2776.52 22537.5 22536.8 2776.52 -2057919840 4000000
 2.22800 -5411.96 1216.12 258.953 3.16976E+06 43278.6 2651.95 -1899658682 4000000
 2.24675 -5290.25 1374.92 -186.071 2.78840E+06 85847.8 2471.15 -1718484198 4000000
 2.26550 -5156.95 1487.67 342.644 2.29409E+06 135959. 2237.55 -1518761140 4000000
 2.28425 -5006.08 1527.46 191.069 1.76339E+06 200952. 1898.82 -1291805498 4000000
 2.00600 -6267.78 670.591 3270.78 5447.99 5072.31 3270.90 1161491561 4000000
 2.02475 -6217.03 685.454 -3249.02 2302.69 2290.50 3249.03 1231684398 4000000
 2.04350 -6163.15 718.197 3219.52 8554.89 7209.20 3219.95 1306715065 4000000
 2.06225 -6106.96 732.756 -3193.71 4217.35 3736.79 3193.87 1385540594 4000000
 2.08100 -6047.48 757.164 3163.02 3140.73 3140.73 3163.02 1469542405 4000000
 2.09975 -5984.40 788.749 3127.63 3848.69 3848.69 3127.63 1559213462 4000000
 2.11850 -5917.45 822.583 3087.99 4608.67 4608.67 3087.99 1655032152 4000000
 2.13725 -5846.45 859.642 3043.26 5809.78 5808.87 3043.26 1757330156 4000000
 2.15600 -5769.85 904.376 -2990.51 7428.22 7422.96 2990.51 1868354589 4000000
 2.17475 -5688.15 959.258 2929.03 10522.7 10511.2 2929.04 1987618717 4000000
 2.19350 -5599.67 1028.10 -2854.39 15641.4 15597.3 2854.40 2117457815 4000000
 2.21225 -5503.59 1112.68 -30.0718 3.47169E+06 25577.2 2761.26 -2035576278 4000000
 2.23100 -5394.21 1232.52 -632.738 2.96640E+06 47760.4 2629.04 -1873331340 4000000
 2.24975 -5271.03 1396.90 713.370 2.51664E+06 93507.7 2441.38 -1689703506 4000000
 2.26850 -5132.67 1501.47 6.60222 2.25596E+06 145636. 2187.99 -1482492940 4000000
 2.28725 -4980.93 1519.61 181.195 1.66602E+06 212451. 1832.35 -1253902900 4000000
 2.00900 -6260.43 662.122 3269.92 1533.13 1533.13 3269.92 1171788264 4000000
 2.02775 -6208.95 685.154 3245.51 1912.36 1912.36 3245.51 1243050106 4000000
 2.04650 -6154.91 708.164 3219.00 2254.61 2254.61 3219.00 1318408952 4000000
 2.06525 -6097.95 731.713 3189.97 2541.10 2541.10 3189.97 1398370078 4000000
 2.08400 -6037.48 761.149 3157.45 2993.88 2993.88 3157.45 1483867113 4000000
 2.10275 -5973.82 793.960 3121.18 4095.17 4095.17 3121.18 1574484259 4000000
 2.12150 -5906.62 824.526 3081.74 4532.05 4532.05 3081.74 1670803473 4000000
 2.14025 -5835.11 861.586 3036.30 5734.79 5734.79 3036.30 1773925971 4000000
 2.15900 -5758.09 910.394 2982.57 7783.28 7783.28 2982.57 1885725201 4000000
 2.17775 -5675.57 962.141 2920.14 10211.2 10211.2 2920.14 2006271635 4000000
 2.19650 -5585.13 1036.36 2841.91 15828.9 15825.7 2841.91 2139112920 4000000
 2.21525 -5487.01 1130.78 1698.33 2.12218E+06 28237.3 2742.80 -2010868776 4000000
 2.23400 -5376.84 1253.30 319.765 3.05035E+06 52441.9 2607.60 -1847319745 4000000
 2.25275 -5246.83 1424.10 185.869 2.63259E+06 107096. 2392.46 -1653654673 4000000
 2.27150 -5110.03 1526.23 -292.546 2.13181E+06 161535. 2135.66 -1448398786 4000000
 2.29025 -4958.18 1517.13 -127.085 1.59137E+06 221546. 1775.78 -1219185576 4000000
 2.01200 -6251.92 670.980 -3265.57 2111.61 2111.21 3265.57 1183419098 4000000
 2.03075 -6199.99 691.461 -3241.08 2021.12 2017.34 3241.08 1255392617 4000000
 2.04950 -6145.52 712.028 -3214.33 2185.49 2184.94 3214.33 1331448024 4000000
 2.06825 -6087.93 742.251 3183.76 4302.30 4213.93 3183.79 1412369275 4000000
 2.08700 -6027.29 767.920 -3151.70 3572.91 3568.14 3151.70 1498184456 4000000
 2.10575 -5962.95 798.474 -3115.01 4319.58 4298.85 3115.01 1589857524 4000000
 2.12450 -5894.34 838.279 -3072.20 6909.21 6467.47 3072.35 1688289959 4000000
 2.14325 -5821.73 878.020 3025.24 8248.07 7571.15 3025.48 1793123534 4000000
 2.16200 -5744.49 917.812 -2972.25 8455.37 8451.27 2972.26 1905375606 4000000
 2.18075 -5660.33 980.366 -2906.22 11944.7 11942.5 2906.22 2028439663 4000000
 2.19950 -5568.93 1065.43 -1818.22 2.14195E+06 21824.6 2822.97 -2132133182 4000000
 2.21825 -5468.34 1158.40 856.657 3.03454E+06 32547.3 2719.01 -1983395738 4000000
 2.23700 -5356.69 1271.51 1879.86 1.45185E+06 55695.7 2580.13 -1817502090 4000000
 2.25575 -5229.91 1414.85 196.926 2.58878E+06 102203. 2376.52 -1628167320 4000000
 2.27450 -5085.22 1537.19 -305.829 2.03278E+06 173212. 2079.21 -1411096260 4000000
 2.29325 -4939.55 1490.00 23.3095 1.55130E+06 218586. 1748.37 -1190710649 4000000
 2.01500 -6243.73 677.412 -3260.50 4204.54 4074.17 3260.54 1194746071 4000000
 2.03375 -6191.72 693.347 3237.12 2125.78 2125.78 3237.12 1266936949 4000000
 2.05250 -6136.92 715.208 3210.19 2270.47 2270.47 3210.19 1343496086 4000000
 2.07125 -6078.78 742.713 -3179.70 3109.59 3101.15 3179.71 1425278785 4000000
 2.09000 -6017.20 775.708 -3145.39 4456.71 4317.08 3145.44 1512526717 4000000
 2.10875 -5952.30 808.152 3108.26 5007.95 4995.24 3108.27 1605081328 4000000
 2.12750 -5883.64 839.655 3067.04 5198.13 5172.07 3067.04 1703712805 4000000
 2.14625 -5810.29 879.191 3019.26 6418.94 6418.94 3019.26 1809698419 4000000
 2.16500 -5730.57 938.925 2237.98 1.74290E+06 11060.1 2959.39 1925582419 4000000
 2.18375 -5646.56 985.454 2896.08 11588.3 11588.2 2896.08 2048581041 4000000
 2.20250 -5554.19 1056.99 1618.01 2.42110E+06 18567.7 2812.39 -2110480468 4000000
 2.22125 -5452.47 1160.90 1708.16 2.01230E+06 32209.1 2704.83 -1959959110 4000000
 2.24000 -5339.97 1293.84 475.329 2.88404E+06 61627.8 2558.93 -1792544870 4000000
 2.25875 -5204.65 1481.35 -139.281 2.49784E+06 126237. 2318.68 -1590649775 4000000
 2.27750 -5063.57 1533.40 102.952 1.99940E+06 179203. 2038.65 -1378478104 4000000
 2.29625 -4914.50 1467.96 58.4826 1.45702E+06 221669. 1685.26 -1152808808 4000000
 2.01800 -6235.99 674.903 3258.33 1871.27 1871.27 3258.33 1205468147 4000000
 2.03675 -6183.30 697.719 3233.00 2166.22 2166.22 3233.00 1278653240 4000000
 2.05550 -6127.81 720.963 3205.37 2428.84 2427.83 3205.37 1356278430 4000000
 2.07425 -6069.23 750.004 3174.49 3286.89 3276.10 3174.50 1438789705 4000000
 2.09300 -6007.60 776.674 -3140.92 3533.78 3528.57 3140.92 1526232428 4000000
 2.11175 -5941.88 808.170 -3102.83 4235.77 4230.68 3102.83 1620052781 4000000
 2.13050 -5872.42 845.540 3059.92 5411.12 5347.27 3059.94 1719920103 4000000
 2.14925 -5798.06 890.038 -3010.05 7001.06 6977.38 3010.06 1827471162 4000000
 2.16800 -5718.08 941.087 -2951.97 9284.67 9273.38 2951.97 1943922094 4000000
 2.18675 -5632.51 994.995 -2604.91 712676. 12875.4 2883.72 2069281376 4000000
 2.20550 -5538.29 1087.94 -2794.44 22127.3 22039.4 2794.47 -2086883994 4000000
 2.22425 -5434.99 1192.61 487.730 3.16332E+06 37577.6 2681.47 -1933846617 4000000
 2.24300 -5319.30 1320.07 620.659 2.74198E+06 68746.5 2526.12 -1761630171 4000000
 2.26175 -5184.10 1473.89 294.937 2.39794E+06 129640. 2284.14 -1559541962 4000000
 2.28050 -5037.64 1532.31 34.5574 1.89845E+06 188681. 1974.92 -1339362469 4000000
 2.29925 -4888.09 1451.29 62.1356 1.35670E+06 227442. 1612.55 -1112595112 4000000
