 2.00000 -11171.5 1164.97 5832.04 3359.48 3294.83 5832.05 -1256940412 6000000
 2.01875 -11082.3 1205.65 5790.08 5217.98 5176.30 5790.09 -1072247505 6000000
 2.03750 -10988.0 1255.92 -5742.40 11642.3 11092.7 5742.50 -875830001 6000000
 2.05625 -10889.3 1288.18 5695.50 5548.20 5514.47 5695.51 -668757581 6000000
 2.07500 -10785.2 1330.93 -5641.38 5346.98 5346.98 5641.38 -448626338 6000000
 2.11250 -10558.7 1439.89 -5513.43 7576.03 7576.03 5513.43 35100629 6000000
 2.09375 -10675.4 1387.55 -5580.24 9010.23 9008.85 5580.24 -214901821 6000000
 2.13125 -10433.7 1530.05 5429.17 27892.8 23033.2 5430.13 304706586 6000000
 2.15000 -10301.6 1595.01 5342.80 26577.1 21179.2 5343.89 591484148 6000000
 2.16875 -10160.0 1672.87 5243.93 17814.0 17553.6 5243.99 900706011 6000000
 2.18750 -10006.1 1786.38 5117.89 27549.4 27054.1 5117.99 1238876576 6000000
 2.20625 -9838.75 1933.14 4962.39 42319.1 42299.9 4962.39 1608920637 6000000
 2.22500 -9653.54 2122.45 4757.79 68335.0 68325.3 4757.79 2020508300 6000000
 2.24375 -9441.69 2412.09 1298.66 8.23584E+06 158408. 4450.87 -1801638003 6000000
 2.26250 -9195.74 2777.19 -532.795 7.15469E+06 368374. 3954.48 -1250319240 6000000
 2.28125 -8924.71 2881.57 357.141 5.24617E+06 559077. 3289.37 -639661294 6000000
 2.00300 -11157.8 1178.34 5824.65 6016.03 6009.72 5824.65 -1228459611 6000000
 2.02175 -11068.0 1208.93 5784.04 3677.38 3676.85 5784.04 -1042513418 6000000
 2.04050 -10973.3 1252.42 5737.66 5347.72 5347.29 5737.66 -844772669 6000000
 2.05925 -10873.8 1291.87 5688.05 5104.36 5101.94 5688.05 -635818734 6000000
 2.07800 -10768.0 1362.10 -5626.01 24775.7 18858.7 5627.10 -412088444 6000000
 2.11550 -10539.2 1454.39 5500.66 9214.88 9214.59 5500.66 77183959 6000000
 2.09675 -10657.3 1396.35 -5570.23 7490.33 7483.88 5570.23 -176035966 6000000
 2.13425 -10414.5 1513.06 5423.98 9650.53 9650.21 5423.98 346305235 6000000
 2.15300 -10280.8 1598.39 -5331.06 19580.1 17897.5 5331.40 636995773 6000000
 2.17175 -10136.9 1696.48 5225.40 19970.2 19969.5 5225.40 951472482 6000000
 2.19050 -9982.42 1801.74 -5100.16 25945.5 25788.3 5100.19 1291487496 6000000
 2.20925 -9811.92 1949.15 4938.48 39514.5 39514.3 4938.48 1668733746 6000000
 2.22800 -9624.19 2138.03 786.079 9.81763E+06 70055.2 4726.05 2086133525 6000000
 2.24675 -9406.60 2460.43 900.426 8.40347E+06 179396. 4391.83 -1722919273 6000000
 2.26550 -9154.45 2823.07 -586.563 6.80823E+06 419574. 3849.36 -1157436077 6000000
 2.28425 -8877.41 2870.70 314.989 4.86322E+06 616448. 3130.48 -532770432 6000000
 2.00600 -11142.1 1224.52 5804.22 54965.2 26015.7 5809.22 -1196227570 6000000
 2.02475 -11049.7 1321.16 5745.52 99230.8 66277.5 5751.32 -1004569886 6000000
 2.04350 -10957.0 1268.04 5728.88 7030.83 6934.51 5728.90 -810853137 6000000
 2.06225 -10856.5 1309.17 -5677.85 8147.19 8116.48 5677.86 -599463242 6000000
 2.08100 -10750.7 1349.88 5623.09 5647.70 5646.81 5623.09 -375332065 6000000
 2.11850 -10519.5 1466.72 5489.32 8809.44 8809.44 5489.32 119545352 6000000
 2.09975 -10638.7 1403.93 5560.31 7078.86 7077.38 5560.31 -136398434 6000000
 2.13725 -10392.9 1534.62 5408.80 11757.8 11757.8 5408.80 393129957 6000000
 2.15600 -10257.8 1615.68 5316.66 14231.9 14182.9 5316.67 686966539 6000000
 2.17475 -10112.8 1712.94 5206.80 22380.3 22220.6 5206.83 1004519445 6000000
 2.19350 -9955.51 1822.78 -5075.12 28950.7 28395.0 5075.24 1350770891 6000000
 2.21225 -9783.52 1971.33 4909.34 42629.6 42615.6 4909.35 1731700970 6000000
 2.23100 -9590.07 2204.37 4662.00 144238. 93343.9 4674.16 -2132834449 6000000
 2.24975 -9371.48 2471.63 484.179 8.46371E+06 176318. 4345.00 -1644232348 6000000
 2.26850 -9109.58 2875.13 -999.916 6.21115E+06 443072. 3752.96 -1056754408 6000000
 2.28725 -8829.46 2835.15 -106.521 4.51849E+06 647337. 2977.52 -424154068 6000000
 2.00900 -11129.3 1181.71 -5813.04 2742.89 2742.89 5813.04 -1169740320 6000000
 2.02775 -11037.9 1219.45 -5769.94 3233.27 3233.27 5769.94 -980003333 6000000
 2.04650 -10941.6 1260.52 -5722.58 4179.88 4179.88 5722.58 -778671720 6000000
 2.06525 -10840.2 1303.95 -5670.91 4381.81 4381.81 5670.91 -565137621 6000000
 2.08400 -10733.3 1354.83 -5613.69 5342.54 5342.54 5613.69 -338321681 6000000
 2.12150 -10500.3 1469.09 -5478.38 8073.39 8073.39 5478.38 160801975 6000000
 2.10275 -10620.0 1409.27 -5549.49 6686.17 6686.17 5549.49 -96494641 6000000
 2.14025 -10372.2 1539.70 -5396.21 10178.5 10178.5 5396.21 438020417 6000000
 2.15900 -10235.6 1624.60 -5301.21 13976.4 13976.4 5301.21 735470972 6000000
 2.17775 -10088.0 1726.55 -5187.74 19439.8 19439.8 5187.74 1058720412 6000000
 2.19650 -9929.44 1842.23 -5052.48 28877.4 28877.4 5052.48 1408362532 6000000
 2.21525 -9752.85 2017.45 4872.61 52358.8 51519.7 4872.80 1799687089 6000000
 2.23400 -9557.59 2258.56 3200.82 5.12146E+06 99523.1 4632.96 -2060327200 6000000
 2.25275 -9329.42 2583.42 -259.036 8.22348E+06 226930. 4252.21 -1550161400 6000000
 2.27150 -9070.17 2857.90 -49.5704 6.38186E+06 450451. 3670.92 -967730687 6000000
 2.29025 -8783.25 2781.06 20.8876 4.17743E+06 659726. 2838.46 -319547023 6000000
 2.01200 -11115.0 1187.45 -5806.17 3240.71 3240.71 5806.17 -1140161723 6000000
 2.03075 -11022.7 1226.45 -5762.37 3449.35 3449.35 5762.37 -948226742 6000000
 2.04950 -10925.8 1267.70 -5714.63 4044.35 4044.35 5714.63 -745215185 6000000
 2.06825 -10823.5 1312.70 -5661.98 4751.73 4751.73 5661.98 -529691738 6000000
 2.08700 -10715.5 1365.26 -5603.56 5635.12 5635.12 5603.56 -300239989 6000000
 2.12450 -10480.6 1480.76 -5466.29 8629.89 8629.89 5466.29 203397311 6000000
 2.10575 -10601.5 1418.45 -5538.89 6854.83 6854.83 5538.89 -56669440 6000000
 2.14325 -10350.9 1558.75 -5381.33 11220.0 11220.0 5381.33 484247627 6000000
 2.16200 -10213.4 1637.94 -5285.74 14331.0 14331.0 5285.74 784119268 6000000
 2.18075 -10063.8 1737.17 -5168.79 20077.9 20077.9 5168.79 1112160029 6000000
 2.19950 -9902.29 1860.67 -5028.02 29872.4 29872.4 5028.02 1468383640 6000000
 2.21825 -9723.60 2047.24 -4841.12 55364.1 55364.1 4841.12 1864741211 6000000
 2.23700 -9524.61 2276.92 -1880.30 7.93837E+06 108182. 4588.21 -1986673095 6000000
 2.25575 -9294.59 2621.39 -465.879 7.94724E+06 251596. 4192.43 -1471628120 6000000
 2.27450 -9023.18 2904.50 -105.619 6.00227E+06 501813. 3538.64 -862034742 6000000
 2.29325 -8742.04 2753.59 42.5867 3.89174E+06 677517. 2715.30 -225495232 6000000
 2.01500 -11100.5 1199.34 -5798.84 4416.74 4416.74 5798.84 -1110022511 6000000
 2.03375 -11007.8 1232.42 -5755.47 3461.41 3461.41 5755.47 -917167680 6000000
 2.05250 -10908.1 1334.67 5688.39 59246.7 40926.1 5691.70 -708317954 6000000
 2.07125 -10806.8 1321.35 -5653.27 4961.90 4961.90 5653.27 -494335753 6000000
 2.09000 -10697.9 1371.85 -5593.80 6327.28 6327.28 5593.80 -262885032 6000000
 2.12750 -10460.1 1491.98 -5453.11 8682.86 8682.86 5453.11 247627284 6000000
 2.10875 -10582.4 1427.95 -5527.49 7285.95 7285.95 5527.49 -15816357 6000000
 2.14625 -10329.6 1564.06 -5367.46 11505.0 11505.0 5367.46 530549341 6000000
 2.16500 -10188.9 1650.98 -5266.03 15565.5 15565.5 5266.03 837411588 6000000
 2.18375 -10038.6 1758.57 5147.20 22645.2 22515.1 5147.23 1167333013 6000000
 2.20250 -9873.83 1900.06 -4999.36 33722.4 33722.4 4999.36 1531185968 6000000
 2.22125 -9692.36 2085.10 3342.88 5.42154E+06 63400.5 4803.81 1933984749 6000000
 2.24000 -9488.20 2324.52 -1560.05 8.20923E+06 119787. 4533.66 -1905574511 6000000
 2.25875 -9249.40 2719.90 43.9960 7.69174E+06 310791. 4083.34 -1370817132 6000000
 2.27750 -8972.77 2932.78 25.8200 5.58608E+06 563280. 3382.32 -748763945 6000000
 2.29625 -8697.63 2650.75 -55.4723 3.58824E+06 660487. 2593.44 -124650814 6000000
 2.01800 -11085.9 1200.73 5792.45 3726.17 3726.17 5792.45 -1079846708 6000000
 2.03675 -10991.3 1268.28 -5737.72 37246.1 18365.8 5741.07 -882774697 6000000
 2.05550 -10893.4 1287.64 5697.13 6839.07 6814.89 5697.13 -677199416 6000000
 2.07425 -10789.3 1331.67 -5643.33 6019.18 5985.38 5643.34 -457300196 6000000
 2.09300 -10679.6 1384.21 -5583.12 7318.94 7312.23 5583.12 -223756163 6000000
 2.13050 -10439.0 1505.04 5438.74 10327.0 10292.2 5438.75 293278498 6000000
 2.11175 -10562.8 1444.19 5514.89 9177.41 9111.81 5514.91 26384658 6000000
 2.14925 -10307.2 1583.39 -5350.83 13342.7 13292.5 5350.84 579278152 6000000
 2.16800 -10165.6 1670.73 -5248.58 17090.8 16946.0 5248.61 888456877 6000000
 2.18675 -10012.9 1778.92 5125.68 22642.3 22642.3 5125.68 1224001386 6000000
 2.20550 -9845.19 1930.82 4965.65 47049.0 45308.2 4966.03 1594614327 6000000
 2.22425 -9662.27 2103.24 430.772 1.02136E+07 67541.3 4769.99 2001138887 6000000
 2.24300 -9451.77 2403.74 3093.46 4.78209E+06 154417. 4466.47 -1824124964 6000000
 2.26175 -9207.96 2723.72 1061.35 6.90279E+06 318004. 4002.45 -1277823715 6000000
 2.28050 -8926.85 2908.81 166.910 5.21127E+06 596878. 3248.23 -645171343 6000000
 2.29925 -8657.03 2596.93 139.888 3.32481E+06 655663. 2481.25 -31542039 6000000
