 2.01875 -17316.2 1892.90 -9046.90 10081.6 10040.8 9046.91 740272157 6000000
 2.00000 -17449.2 2115.44 -9039.50 309587. 280203. 9042.75 464671446 6000000
 2.05625 -17015.0 2008.17 8900.24 7294.86 7292.14 8900.24 1370257317 6000000
 2.03750 -17166.5 2080.35 -8940.85 175628. 106419. 8948.73 1052182848 6000000
 2.07500 -16852.3 2079.34 8815.19 8653.89 8651.29 8815.19 1714225352 6000000
 2.09375 -16679.9 2170.35 8719.31 13213.5 13211.1 8719.31 2081135130 6000000
 2.11250 -16497.5 2261.78 8611.55 22656.7 22646.6 8611.55 -1823060814 6000000
 2.13125 -16304.0 2355.42 -8493.67 17469.7 17465.0 8493.67 -1405592722 6000000
 2.15000 -16095.7 2513.44 8341.06 84195.1 58401.9 8344.38 -953484006 6000000
 2.16875 -15875.5 2622.07 8191.59 39729.2 39689.1 8191.59 -472345581 6000000
 2.18750 -15635.7 2802.33 7995.77 51961.2 51931.9 7995.77 54653675 6000000
 2.20625 -15375.8 3008.14 7761.28 59980.8 59978.6 7761.28 628970516 6000000
 2.22500 -15086.3 3301.90 -7438.69 109128. 109065. 7438.70 1272365645 6000000
 2.24375 -14754.8 3798.72 3776.91 1.54447E+07 282261. 6948.80 2012424043 6000000
 2.26250 -14367.0 4437.23 -86.5082 1.73775E+07 740139. 6135.92 -1413891098 6000000
 2.28125 -13908.8 4681.66 -822.957 1.09818E+07 1.38724E+06 4750.25 -383457562 6000000
 2.02175 -17292.4 1947.04 -9025.74 48360.6 48276.9 9025.75 789915927 6000000
 2.00300 -17433.9 1839.52 -9102.67 5768.95 5768.95 9102.67 496709815 6000000
 2.04050 -17145.4 1970.71 -8964.25 11501.7 11501.7 8964.25 1096628475 6000000
 2.05925 -16989.9 2032.13 -8886.55 10907.5 10906.9 8886.55 1423458859 6000000
 2.07800 -16825.3 2127.87 -8795.02 31943.5 30124.5 8795.24 1771688674 6000000
 2.09675 -16651.7 2191.65 -8702.58 17320.7 17318.7 8702.58 2141432805 6000000
 2.11550 -16467.4 2299.22 8588.75 48774.7 34309.7 8590.54 -1758135334 6000000
 2.13425 -16271.8 2382.88 -8473.01 17704.5 17704.5 8473.01 -1335964460 6000000
 2.15300 -16063.1 2507.47 -8331.87 25193.7 24830.4 8331.92 -882318810 6000000
 2.17175 -15838.4 2649.55 8165.00 34454.8 34415.1 8165.00 -391138514 6000000
 2.19050 -15596.1 2821.69 -7965.69 44331.8 44226.1 7965.70 141944559 6000000
 2.20925 -15331.7 3054.56 -7715.67 66149.0 65829.3 7715.72 727104803 6000000
 2.22800 -15035.0 3399.21 -7364.85 154416. 147393. 7365.91 1386695556 6000000
 2.24675 -14697.8 3892.08 6103.77 4.64776E+06 307895. 6856.14 2139717191 6000000
 2.26550 -14292.8 4595.87 -2139.17 1.43320E+07 869344. 5922.47 -1247799715 6000000
 2.28425 -13842.4 4684.23 -178.302 1.05135E+07 1.47799E+06 4546.54 -232751291 6000000
 2.02475 -17269.6 1910.05 -9025.13 8547.48 8490.49 9025.14 837181019 6000000
 2.00600 -17411.1 1852.66 -9091.35 8712.43 8712.43 9091.35 543619730 6000000
 2.06225 -16963.6 2038.61 -8873.47 9114.36 9114.36 8873.47 1478642835 6000000
 2.04350 -17120.8 1965.34 8953.34 8081.12 8060.92 8953.34 1147978291 6000000
 2.08100 -16797.7 2117.70 -8784.88 12374.8 12374.7 8784.88 1830085997 6000000
 2.09975 -16621.7 2219.92 8678.24 50468.3 36240.3 8679.96 -2089596968 6000000
 2.11850 -16437.0 2279.78 8577.97 13361.7 13341.1 8577.97 -1692842956 6000000
 2.13725 -16239.3 2401.71 8451.85 21919.1 21643.4 8451.89 -1265738496 6000000
 2.15600 -16028.3 2516.68 -8307.75 22419.0 22419.0 8307.75 -806558346 6000000
 2.17475 -15800.6 2658.06 8136.14 33202.9 31637.8 8136.35 -308268246 6000000
 2.19350 -15553.4 2881.91 -7921.76 62413.5 58180.0 7922.35 236085350 6000000
 2.21225 -15287.3 3073.65 -7673.92 65768.3 65768.3 7673.92 825437065 6000000
 2.23100 -14984.5 3443.88 -7303.66 149773. 148922. 7303.79 1499291300 6000000
 2.24975 -14636.1 4032.05 3167.36 1.60593E+07 417603. 6724.74 -2017341624 6000000
 2.26850 -14219.3 4698.03 29.6799 1.53924E+07 1.04343E+06 5705.39 -1082787553 6000000
 2.28725 -13758.5 4560.89 -249.580 9.24531E+06 1.54194E+06 4204.98 -43807856 6000000
 2.02775 -17245.8 1942.50 -9010.24 19658.2 19658.2 9010.24 886638656 6000000
 2.00900 -17388.3 1904.90 9072.67 42741.0 41762.7 9072.78 590800167 6000000
 2.04650 -17095.9 1986.45 8939.08 15985.4 14243.7 8939.28 1200202684 6000000
 2.06525 -16935.5 2131.23 -8841.04 69796.2 69720.2 8841.05 1537848050 6000000
 2.08400 -16770.5 2125.74 8770.39 11086.6 11062.9 8770.39 1887959034 6000000
 2.10275 -16593.6 2207.50 8670.02 14846.4 14812.6 8670.02 -2029448158 6000000
 2.12150 -16405.6 2307.57 8557.59 15370.0 15366.2 8557.59 -1625277333 6000000
 2.14025 -16205.9 2417.87 -8429.66 19866.7 19851.3 8429.67 -1193357348 6000000
 2.15900 -15992.4 2548.91 -8279.80 31088.7 30229.4 8279.91 -728244201 6000000
 2.17775 -15760.1 2767.18 8080.76 126096. 100076. 8084.27 -219449126 6000000
 2.19650 -15512.3 2905.85 7889.68 46602.1 46601.2 7889.68 326760056 6000000
 2.21525 -15239.7 3154.06 7617.13 78676.3 78675.8 7617.13 931079523 6000000
 2.23400 -14935.1 3485.34 7138.02 856454. 146619. 7248.25 1609406871 6000000
 2.25275 -14575.9 4118.51 -2633.28 1.67840E+07 455191. 6612.03 -1882355447 6000000
 2.27150 -14161.3 4671.28 -526.981 1.47356E+07 1.01777E+06 5606.94 -951591322 6000000
 2.29025 -13689.8 4402.56 -137.773 8.44695E+06 1.51188E+06 3987.73 112262035 6000000
