 2.00000 -2792.93 291.657 -1458.04 647.862 647.862 1458.04 253140229 2000000
 2.01875 -2770.63 300.528 -1447.71 744.679 744.679 1447.71 268527005 2000000
 2.05625 -2722.25 323.681 -1423.56 1259.90 1246.66 1423.57 302246725 2000000
 2.07500 -2696.33 334.362 -1409.76 1765.01 1564.16 1409.91 320519907 2000000
 2.03750 -2747.21 310.827 -1436.45 909.052 909.052 1436.45 284799053 2000000
 2.09375 -2668.79 347.480 1394.85 1780.84 1675.17 1394.93 340049813 2000000
 2.11250 -2639.75 360.105 -1378.36 1811.44 1811.44 1378.36 360808359 2000000
 2.13125 -2608.43 378.051 -1358.36 2643.01 2581.54 1358.40 383305918 2000000
 2.15000 -2575.81 394.984 -1337.25 2927.74 2927.74 1337.25 406918702 2000000
 2.16875 -2540.25 415.967 -421.212 714986. 4030.69 1311.22 432817757 2000000
 2.20625 -2459.54 476.908 -624.021 529886. 8478.43 1240.87 492105787 2000000
 2.18750 -2501.95 441.120 -1104.30 198056. 5422.38 1280.96 460865853 2000000
 2.22500 -2414.11 514.048 472.680 552539. 12993.8 1193.28 525759303 2000000
 2.24375 -2363.11 561.794 -164.355 576617. 20386.2 1129.18 563752293 2000000
 2.26250 -2307.88 600.296 -194.266 499615. 29863.8 1049.07 605117306 2000000
 2.28125 -2249.56 612.062 40.1951 437985. 38507.7 955.471 649113090 2000000
 2.00300 -2789.18 293.241 -1456.18 686.887 686.861 1456.18 255744696 2000000
 2.02175 -2766.63 302.323 -1445.75 758.815 758.735 1445.75 271306994 2000000
 2.05925 -2717.96 323.776 1421.54 1147.89 1123.36 1421.55 305279262 2000000
 2.07800 -2691.76 335.326 -1407.79 1274.63 1274.41 1407.79 323758122 2000000
 2.04050 -2743.02 312.984 -1434.26 928.052 927.981 1434.26 287732998 2000000
 2.09675 -2664.19 347.247 -1392.54 1534.06 1533.74 1392.54 343326364 2000000
 2.11550 -2634.47 365.291 -1374.68 2114.89 2088.69 1374.70 364549659 2000000
 2.13425 -2603.11 380.801 1355.05 2496.94 2495.48 1355.05 387128259 2000000
 2.15300 -2569.91 401.662 622.761 647925. 3425.11 1332.46 411183894 2000000
 2.17175 -2534.07 421.812 -400.330 716233. 4256.52 1306.33 437312354 2000000
 2.19050 -2495.45 449.112 853.931 415242. 6025.52 1274.99 465623835 2000000
 2.20925 -2452.86 490.654 210.851 678710. 9574.46 1234.00 497056248 2000000
 2.22800 -2405.59 530.426 200.230 623568. 14712.6 1181.79 532084988 2000000
 2.24675 -2355.69 564.664 -288.957 542903. 20702.5 1121.05 569346429 2000000
 2.26550 -2299.79 601.094 3.12139 506277. 30667.3 1038.03 611242041 2000000
 2.28425 -2239.54 622.557 2.73147 425504. 40440.9 937.863 656688028 2000000
 2.00600 -2785.55 294.584 -1454.51 784.832 784.562 1454.51 258168113 2000000
 2.02475 -2762.86 303.648 -1443.96 830.103 830.085 1443.96 273854232 2000000
 2.06225 -2714.02 324.968 1419.55 1408.75 1220.06 1419.69 307994825 2000000
 2.04350 -2739.13 313.459 -1432.52 918.171 918.149 1432.52 290373223 2000000
 2.08100 -2687.45 337.829 1405.39 1479.61 1465.15 1405.40 326763960 2000000
 2.09975 -2659.66 348.882 -1390.38 1521.35 1521.35 1390.38 346509621 2000000
 2.11850 -2630.14 363.071 1373.16 1825.51 1825.20 1373.16 367666448 2000000
 2.13725 -2598.20 382.465 -1352.31 2597.55 2585.96 1352.32 390674730 2000000
 2.15600 -2564.65 398.842 1330.17 3084.60 3080.10 1330.18 415001791 2000000
 2.17475 -2527.90 426.637 94.7510 779362. 4792.09 1301.34 441806427 2000000
 2.19350 -2488.60 455.240 -891.180 378286. 6596.30 1268.66 470662559 2000000
 2.21225 -2446.01 484.601 -208.141 671897. 9719.11 1228.10 502101787 2000000
 2.23100 -2398.79 526.323 -228.561 611059. 14992.0 1175.61 537152475 2000000
 2.24975 -2347.61 567.580 -211.401 551078. 22261.3 1111.03 575395220 2000000
 2.26850 -2291.35 599.893 -173.297 483338. 30743.7 1027.98 617609486 2000000
 2.28725 -2229.82 608.990 70.4565 409292. 41684.7 919.660 664111458 2000000
 2.00900 -2782.23 295.847 -1453.11 671.132 671.132 1453.11 260504002 2000000
 2.02775 -2759.22 306.448 -1442.10 805.514 805.514 1442.10 276425281 2000000
 2.06525 -2710.03 327.207 -1417.63 1106.35 1106.35 1417.63 310847152 2000000
 2.08400 -2683.37 338.955 -1403.42 1295.79 1295.79 1403.42 329698044 2000000
 2.04650 -2735.24 317.006 -1430.37 964.056 964.056 1430.37 293135784 2000000
 2.10275 -2654.94 352.131 -1387.31 1579.09 1579.09 1387.31 349926365 2000000
 2.12150 -2625.03 367.140 -1369.58 1955.24 1955.24 1369.58 371368033 2000000
 2.14025 -2593.32 384.385 -1349.15 2558.01 2558.01 1349.15 394251568 2000000
 2.15900 -2559.10 404.788 -1325.58 3252.49 3252.49 1325.58 419070755 2000000
 2.17775 -2522.29 430.770 -128.000 769907. 4756.73 1297.19 445946186 2000000
 2.19650 -2482.20 462.812 138.255 724067. 7388.77 1262.26 475375683 2000000
 2.21525 -2439.45 493.502 -403.110 610629. 10209.3 1221.71 507002044 2000000
 2.23400 -2390.95 535.584 144.410 614828. 16117.2 1165.49 543019855 2000000
 2.25275 -2337.89 580.072 122.490 549870. 24296.0 1094.98 582637813 2000000
 2.27150 -2278.28 616.257 -48.3824 474036. 35713.2 998.995 627354261 2000000
 2.29025 -2219.31 614.123 -28.4459 396979. 43169.6 900.623 672025796 2000000
 2.01200 -2778.82 297.324 -1451.42 760.834 760.829 1451.42 262888157 2000000
 2.03075 -2755.72 307.771 -1440.26 1009.95 1009.89 1440.26 278889917 2000000
 2.06825 -2705.84 328.892 -1414.96 1373.52 1373.49 1414.96 313816677 2000000
 2.08700 -2679.08 339.582 -1401.04 1348.21 1348.21 1401.04 332753958 2000000
 2.04950 -2731.48 316.781 -1428.49 1019.56 1019.56 1428.49 295806063 2000000
 2.10575 -2650.44 354.177 -1384.67 1714.98 1714.98 1384.67 353153318 2000000
 2.12450 -2620.18 368.917 -1366.64 2005.75 2005.74 1366.64 374860585 2000000
 2.14325 -2587.78 387.821 -1345.44 2702.58 2702.57 1345.44 398229895 2000000
 2.16200 -2553.63 408.767 1012.70 337126. 3526.64 1321.67 423064902 2000000
 2.18075 -2516.16 436.297 -1097.83 218067. 5093.59 1292.16 450467603 2000000
 2.19950 -2475.52 464.415 309.138 682019. 7316.56 1256.81 480349536 2000000
 2.21825 -2430.69 502.271 -7.20991 672237. 10856.3 1211.26 513480969 2000000
 2.23700 -2381.65 548.374 544.401 479263. 17847.8 1152.63 549933319 2000000
 2.25575 -2328.26 587.281 129.813 535448. 26573.1 1079.23 589872166 2000000
 2.27450 -2269.76 619.563 -88.0976 461824. 36553.6 987.441 633848109 2000000
 2.29325 -2211.14 607.743 64.2287 386371. 43270.2 889.349 678295041 2000000
 2.01500 -2775.38 298.363 -1450.04 733.028 732.691 1450.04 265254690 2000000
 2.03375 -2752.12 308.221 -1438.82 905.409 904.232 1438.82 281391274 2000000
 2.07125 -2701.60 330.973 -1413.04 1220.25 1220.05 1413.04 316803150 2000000
 2.09000 -2674.30 344.111 -1398.04 1560.38 1560.13 1398.04 336127465 2000000
 2.05250 -2727.60 318.340 -1426.68 1006.21 1005.99 1426.68 298507465 2000000
 2.10875 -2645.65 355.500 -1382.05 1686.36 1686.09 1382.05 356549752 2000000
 2.12750 -2614.54 376.232 -811.015 565210. 2634.87 1361.85 378875031 2000000
 2.14625 -2582.66 389.242 -1342.33 2713.77 2713.52 1342.33 401938668 2000000
 2.16500 -2547.36 411.631 -1316.73 3687.09 3686.81 1316.73 427601607 2000000
 2.18375 -2509.64 437.380 -864.309 421574. 5270.19 1286.91 455208546 2000000
 2.20250 -2468.46 471.979 743.692 465732. 7973.28 1249.52 485523227 2000000
 2.22125 -2423.07 513.024 350.217 607760. 13043.3 1201.53 519098989 2000000
 2.24000 -2372.89 559.757 -217.499 578272. 20613.7 1138.62 556416389 2000000
 2.25875 -2318.70 597.858 10.6042 529392. 28754.3 1063.45 596972772 2000000
 2.27750 -2259.91 618.867 -56.3010 449618. 37819.1 970.073 641243111 2000000
 2.29625 -2201.84 609.565 -33.0473 375191. 44934.8 871.460 685406270 2000000
 2.01800 -2771.41 298.547 1448.17 733.453 733.453 1448.17 267973214 2000000
 2.03675 -2748.02 308.308 1436.92 879.185 879.185 1436.92 284214989 2000000
 2.07425 -2697.11 331.458 1410.72 1262.96 1259.99 1410.72 319939333 2000000
 2.05550 -2723.44 318.367 1424.71 1014.47 1014.47 1424.71 301406367 2000000
 2.09300 -2669.68 344.157 -1395.73 1451.54 1447.17 1395.73 339379217 2000000
 2.11175 -2640.50 359.824 -1378.77 1791.63 1787.61 1378.77 360235533 2000000
 2.13050 -2609.25 375.096 1359.32 2226.02 2226.02 1359.32 382680033 2000000
 2.14925 -2576.63 394.220 1337.71 2991.51 2989.94 1337.71 406288850 2000000
 2.16800 -2541.16 415.650 -414.429 718834. 3922.92 1312.13 432121189 2000000
 2.18675 -2502.98 441.821 625.962 577299. 5476.40 1281.51 460066221 2000000
 2.22425 -2415.45 515.990 345.720 600573. 13058.4 1194.28 524733178 2000000
 2.20550 -2460.21 487.456 -334.816 654949. 10054.1 1238.72 491554425 2000000
 2.24300 -2365.36 554.727 309.616 549456. 19331.8 1133.55 562051697 2000000
 2.26175 -2310.27 597.090 -25.7063 519559. 29148.0 1053.49 603330186 2000000
 2.28050 -2249.39 622.606 41.7682 435152. 39904.7 950.319 649188850 2000000
 2.29925 -2190.19 605.834 -6.78545 358996. 46128.2 848.179 694143765 2000000
